{
  "advancedEditorSelectedIdentifier" : "ProjectBrowser",
  "openSceneRelativePaths" : [
    "Scene.usda",
    "Globe.usda",
    "Earth.usda"
  ],
  "recentIdentifiers" : {
    "E76F4CBF-136C-4488-9FDC-914173F44C74" : [

    ]
  },
  "sceneCameraHistory" : {
    "26DBAE76-5DD8-47B6-A085-1B4ADA111097" : [
      {
        "date" : 720513328.733149,
        "title" : "Untitled",
        "transform" : [
          0.99999994,
          0,
          -0,
          0,
          -0,
          0.8660254,
          -0.49999994,
          0,
          0,
          0.49999994,
          0.8660254,
          0,
          0,
          0.21476145,
          0.3721778,
          1
        ]
      }
    ],
    "807A4CF8-1A83-442A-9E9D-99457803EB86" : [
      {
        "date" : 720514612.27119,
        "title" : "Untitled",
        "transform" : [
          0.99999994,
          0,
          0,
          0,
          0,
          0.8660254,
          -0.49999994,
          0,
          0,
          0.49999994,
          0.8660254,
          0,
          0.0056979307,
          1.007477,
          1.2997525,
          1
        ]
      },
      {
        "date" : 720514332.790771,
        "title" : "Untitled",
        "transform" : [
          0.99999994,
          0,
          0,
          0,
          0,
          0.8660254,
          -0.49999994,
          0,
          0,
          0.49999994,
          0.8660254,
          0,
          0.00032624885,
          0.05768555,
          0.07442049,
          1
        ]
      },
      {
        "date" : 720513578.155316,
        "title" : "Untitled",
        "transform" : [
          0.99999994,
          0,
          0,
          0,
          0,
          0.8660254,
          -0.49999994,
          0,
          0,
          0.49999994,
          0.8660254,
          0,
          0.013472557,
          2.3821447,
          3.073218,
          1
        ]
      },
      {
        "date" : 720513570.766266,
        "title" : "Untitled",
        "transform" : [
          0.99999994,
          0,
          0,
          0,
          0,
          0.8660254,
          -0.49999994,
          0,
          0,
          0.49999994,
          0.8660254,
          0,
          0.00037154774,
          0.06569503,
          0.08475354,
          1
        ]
      },
      {
        "date" : 720513562.028037,
        "title" : "Untitled",
        "transform" : [
          0.99999994,
          0,
          0,
          0,
          0,
          0.8660254,
          -0.49999994,
          0,
          0,
          0.49999994,
          0.8660254,
          0,
          0.008069958,
          1.4268858,
          1.8408334,
          1
        ]
      },
      {
        "date" : 720513548.911244,
        "title" : "Untitled",
        "transform" : [
          0.99999994,
          0,
          0,
          0,
          0,
          0.8660254,
          -0.49999994,
          0,
          0,
          0.49999994,
          0.8660254,
          0,
          0.0069140787,
          1.2225095,
          1.5771668,
          1
        ]
      },
      {
        "date" : 720513543.104398,
        "title" : "Untitled",
        "transform" : [
          0.99999994,
          0,
          0,
          0,
          0,
          0.8660254,
          -0.49999994,
          0,
          0,
          0.49999994,
          0.8660254,
          0,
          -2.3905885e-05,
          0.19306357,
          0.33626407,
          1
        ]
      },
      {
        "date" : 720513113.473788,
        "title" : "Untitled",
        "transform" : [
          0.99999994,
          0,
          0,
          0,
          0,
          0.8660254,
          -0.49999994,
          0,
          0,
          0.49999994,
          0.8660254,
          0,
          0,
          0.19661069,
          0.34053978,
          1
        ]
      },
      {
        "date" : 720513075.136237,
        "title" : "Untitled",
        "transform" : [
          0.99999994,
          0,
          -0,
          0,
          -0,
          0.8660254,
          -0.49999994,
          0,
          0,
          0.49999994,
          0.8660254,
          0,
          0,
          0.21439292,
          0.3713395,
          1
        ]
      }
    ],
    "E76F4CBF-136C-4488-9FDC-914173F44C74" : [
      {
        "date" : 720514157.140541,
        "title" : "Untitled",
        "transform" : [
          0.99999994,
          0,
          0,
          0,
          0,
          0.8660254,
          -0.49999994,
          0,
          0,
          0.49999994,
          0.8660254,
          0,
          0.1838514,
          3.411859,
          4.368028,
          1
        ]
      },
      {
        "date" : 720513984.496787,
        "title" : "Untitled",
        "transform" : [
          0.99999994,
          0,
          0,
          0,
          0,
          0.8660254,
          -0.49999994,
          0,
          0,
          0.49999994,
          0.8660254,
          0,
          0.07017382,
          1.3022649,
          1.6672231,
          1
        ]
      },
      {
        "date" : 720513974.611547,
        "title" : "Untitled",
        "transform" : [
          0.99999994,
          0,
          0,
          0,
          0,
          0.8660254,
          -0.49999994,
          0,
          0,
          0.49999994,
          0.8660254,
          0,
          0.030599762,
          0.5678613,
          0.72700363,
          1
        ]
      },
      {
        "date" : 720513968.50578,
        "title" : "Untitled",
        "transform" : [
          0.99999994,
          0,
          -0,
          0,
          -0,
          0.8660254,
          -0.49999994,
          0,
          0,
          0.49999994,
          0.8660254,
          0,
          0,
          0.21439292,
          0.3713395,
          1
        ]
      }
    ]
  },
  "selectedSceneRelativePath" : "Earth.usda"
}