{
  "advancedEditorSelectedIdentifier" : "ProjectBrowser",
  "openSceneRelativePaths" : [
    "Scene.usda",
    "Cloud_Chunk.usda",
    "Cloud_A.usda",
    "Cloud_B.usda",
    "Cloud_C.usda",
    "Bird_With_Audio .usda",
    "Nature _Ambience.usda",
    "Ocean_Audio.usda"
  ],
  "recentIdentifiers" : {
    "0B1510FF-C73D-46A7-AD0D-04B1E100D2B3" : [

    ],
    "90C576A0-F90A-43B8-9998-14918A66F863" : [

    ],
    "62941ABC-4C19-4EAF-A008-C70D7943D74F" : [

    ],
    "D48FCC43-913B-4C48-8DCD-A63A0109C02A" : [

    ]
  },
  "sceneCameraHistory" : {
    "0B1510FF-C73D-46A7-AD0D-04B1E100D2B3" : [
      {
        "date" : 720583346.042698,
        "title" : "Untitled",
        "transform" : [
          -0.9845373,
          2.4618885e-10,
          -0.17517519,
          0,
          -0.07165664,
          0.91250885,
          0.40273184,
          0,
          0.15984893,
          0.40905696,
          -0.898399,
          0,
          0.06899669,
          0.17656411,
          -0.38778213,
          1
        ]
      },
      {
        "date" : 720583280.525254,
        "title" : "Untitled",
        "transform" : [
          0.99999994,
          0,
          -0,
          0,
          -0,
          0.8660254,
          -0.49999994,
          0,
          0,
          0.49999994,
          0.8660254,
          0,
          0,
          0.21581845,
          0.3738085,
          1
        ]
      }
    ],
    "0E13B4E5-B594-4325-A356-11CDF70C123B" : [
      {
        "date" : 720583539.226834,
        "title" : "Untitled",
        "transform" : [
          -0.32248205,
          1.5928316e-09,
          -0.9465755,
          0,
          -0.58268243,
          0.788083,
          0.19850993,
          0,
          0.7459802,
          0.6155689,
          -0.25414267,
          0,
          0.31703097,
          0.26160806,
          -0.108007014,
          1
        ]
      },
      {
        "date" : 720583536.757406,
        "title" : "Untitled",
        "transform" : [
          -0.9874295,
          1.4720096e-09,
          -0.15805976,
          0,
          -0.0441523,
          0.9601924,
          0.27582788,
          0,
          0.15176779,
          0.27933928,
          -0.9481224,
          0,
          0.064499155,
          0.11871527,
          -0.40293854,
          1
        ]
      },
      {
        "date" : 720583514.340855,
        "title" : "Untitled",
        "transform" : [
          0.99999994,
          0,
          -0,
          0,
          -0,
          0.8660254,
          -0.49999988,
          0,
          0,
          0.49999988,
          0.8660254,
          0,
          0,
          0.21249288,
          0.3680485,
          1
        ]
      }
    ],
    "2A777647-6889-4C11-9C58-7D23A2FDED48" : [
      {
        "date" : 720530044.499809,
        "title" : "Untitled",
        "transform" : [
          0.9924728,
          -7.840204e-10,
          -0.12246498,
          0,
          -0.03748898,
          0.95199275,
          -0.30381617,
          0,
          0.116585754,
          0.3061203,
          0.9448271,
          0,
          0.10662859,
          0.49673927,
          1.3789281,
          1
        ]
      },
      {
        "date" : 720530028.122402,
        "title" : "Untitled",
        "transform" : [
          0.9924728,
          -7.840204e-10,
          -0.12246498,
          0,
          -0.03748898,
          0.95199275,
          -0.30381617,
          0,
          0.116585754,
          0.3061203,
          0.9448271,
          0,
          0.12890366,
          0.60050976,
          1.6669905,
          1
        ]
      },
      {
        "date" : 720529986.7868,
        "title" : "Untitled",
        "transform" : [
          0.9924728,
          -7.840204e-10,
          -0.12246498,
          0,
          -0.03748898,
          0.95199275,
          -0.30381617,
          0,
          0.116585754,
          0.3061203,
          0.9448271,
          0,
          0.022598863,
          0.32138267,
          0.80546296,
          1
        ]
      },
      {
        "date" : 720529972.005386,
        "title" : "Untitled",
        "transform" : [
          0.9923839,
          3.338944e-09,
          0.12318367,
          0,
          0.09452256,
          0.64125246,
          -0.7614859,
          0,
          -0.07899187,
          0.76732993,
          0.6363687,
          0,
          -0.14409493,
          0.71447885,
          0.54231745,
          1
        ]
      },
      {
        "date" : 720529963.112632,
        "title" : "Untitled",
        "transform" : [
          0.96061176,
          3.2948124e-09,
          -0.27789408,
          0,
          -0.21399146,
          0.6379872,
          -0.7397162,
          0,
          0.17729287,
          0.77004695,
          0.61285806,
          0,
          0.1472726,
          0.7175487,
          0.5384924,
          1
        ]
      },
      {
        "date" : 720529939.387575,
        "title" : "Untitled",
        "transform" : [
          0.99200594,
          4.313625e-10,
          -0.1261923,
          0,
          -0.076683454,
          0.79418856,
          -0.6028137,
          0,
          0.10022044,
          0.6076715,
          0.7878396,
          0,
          0.051504396,
          0.54022825,
          0.6735162,
          1
        ]
      },
      {
        "date" : 720529928.272835,
        "title" : "Untitled",
        "transform" : [
          0.9453421,
          8.7398355e-10,
          -0.32608002,
          0,
          -0.118141286,
          0.9320585,
          -0.34250465,
          0,
          0.30392566,
          0.3623076,
          0.88111424,
          0,
          0.24425034,
          0.29116893,
          0.7081088,
          1
        ]
      },
      {
        "date" : 720529903.522747,
        "title" : "Untitled",
        "transform" : [
          0.99999994,
          0,
          0,
          0,
          0,
          0.8660254,
          -0.49999994,
          0,
          0,
          0.49999994,
          0.8660254,
          0,
          0,
          0.4018256,
          0.69598264,
          1
        ]
      },
      {
        "date" : 720529901.856382,
        "title" : "Untitled",
        "transform" : [
          0.99999994,
          0,
          0,
          0,
          0,
          0.8660254,
          -0.49999994,
          0,
          0,
          0.49999994,
          0.8660254,
          0,
          0,
          0.06599191,
          0.114301376,
          1
        ]
      },
      {
        "date" : 720529882.764314,
        "title" : "Untitled",
        "transform" : [
          0.99999994,
          0,
          0,
          0,
          0,
          0.8660254,
          -0.49999994,
          0,
          0,
          0.49999994,
          0.8660254,
          0,
          0,
          0.04768838,
          0.08259872,
          1
        ]
      }
    ],
    "82A57E66-DB10-49E3-8180-F66DB11A2918" : [
      {
        "date" : 720525423.106912,
        "title" : "Untitled",
        "transform" : [
          0.9971989,
          1.272157e-10,
          -0.074796334,
          0,
          -0.03668313,
          0.87147474,
          -0.4890665,
          0,
          0.06518311,
          0.49044025,
          0.86903363,
          0,
          0.04283417,
          0.32531887,
          0.5710733,
          1
        ]
      },
      {
        "date" : 720525312.697876,
        "title" : "Untitled",
        "transform" : [
          0.9971989,
          1.272157e-10,
          -0.074796334,
          0,
          -0.03668313,
          0.87147474,
          -0.4890665,
          0,
          0.06518311,
          0.49044025,
          0.86903363,
          0,
          0.053131457,
          0.4035251,
          0.70835865,
          1
        ]
      },
      {
        "date" : 720525300.829607,
        "title" : "Untitled",
        "transform" : [
          0.99979,
          1.3441692e-10,
          -0.02049404,
          0,
          -0.010075174,
          0.8708126,
          -0.49151182,
          0,
          0.017846467,
          0.491615,
          0.8706297,
          0,
          0.01454674,
          0.40448266,
          0.70965457,
          1
        ]
      },
      {
        "date" : 720525278.197033,
        "title" : "Untitled",
        "transform" : [
          0.99961984,
          1.4331897e-10,
          -0.02756859,
          0,
          -0.01595059,
          0.81562674,
          -0.5783585,
          0,
          0.02248568,
          0.57857835,
          0.81531674,
          0,
          0.01848598,
          0.47566202,
          0.6702901,
          1
        ]
      },
      {
        "date" : 720525165.894425,
        "title" : "Untitled",
        "transform" : [
          0.99999994,
          0,
          0,
          0,
          0,
          0.8660254,
          -0.49999994,
          0,
          0,
          0.49999994,
          0.8660254,
          0,
          0,
          0.43552402,
          0.75434995,
          1
        ]
      },
      {
        "date" : 720524816.978017,
        "title" : "Untitled",
        "transform" : [
          0.99999994,
          0,
          -0,
          0,
          -0,
          0.8660254,
          -0.49999994,
          0,
          0,
          0.49999994,
          0.8660254,
          0,
          0,
          0.21950312,
          0.3801906,
          1
        ]
      }
    ],
    "90C576A0-F90A-43B8-9998-14918A66F863" : [
      {
        "date" : 720598583.309198,
        "title" : "Untitled",
        "transform" : [
          -0.80177414,
          -4.581283e-09,
          0.5976273,
          0,
          0.43023136,
          0.6940786,
          0.57719654,
          0,
          -0.4148003,
          0.7198993,
          -0.55649424,
          0,
          -1.628313,
          2.7676823,
          -2.521785,
          1
        ]
      },
      {
        "date" : 720598045.186054,
        "title" : "Untitled",
        "transform" : [
          -0.801774,
          8.473781e-09,
          0.5976273,
          0,
          0.43023142,
          0.6940786,
          0.5771965,
          0,
          -0.41480038,
          0.71989924,
          -0.5564942,
          0,
          -2.0242662,
          2.531065,
          -1.1853688,
          1
        ]
      },
      {
        "date" : 720598028.54414,
        "title" : "Untitled",
        "transform" : [
          -0.8470033,
          9.05704e-09,
          0.53158766,
          0,
          0.38734418,
          0.6848806,
          0.61717343,
          0,
          -0.36407408,
          0.72865534,
          -0.5800961,
          0,
          -1.9202256,
          2.5555134,
          -1.3061627,
          1
        ]
      },
      {
        "date" : 720598026.583104,
        "title" : "Untitled",
        "transform" : [
          -0.8725089,
          6.4018277e-06,
          0.48859826,
          0,
          0.39352223,
          0.59272647,
          0.70272017,
          0,
          -0.2896006,
          0.8054038,
          -0.5171616,
          0,
          -1.6955987,
          2.7917747,
          -1.1202309,
          1
        ]
      },
      {
        "date" : 720598024.562521,
        "title" : "Untitled",
        "transform" : [
          -0.82446843,
          2.5960212e-09,
          0.5659079,
          0,
          0.41235298,
          0.68487835,
          0.60075504,
          0,
          -0.38757807,
          0.7286574,
          -0.5646606,
          0,
          -1.9730234,
          2.5545862,
          -1.226889,
          1
        ]
      },
      {
        "date" : 720598022.081017,
        "title" : "Untitled",
        "transform" : [
          0.11788643,
          -2.6825828e-06,
          0.99302715,
          0,
          0.82266706,
          0.56007266,
          -0.09766076,
          0,
          -0.55616707,
          0.8284435,
          0.06602717,
          0,
          -1.5699129,
          2.8626,
          1.1246709,
          1
        ]
      },
      {
        "date" : 720598011.764088,
        "title" : "Untitled",
        "transform" : [
          0.11788643,
          -2.6825828e-06,
          0.99302715,
          0,
          0.82266706,
          0.56007266,
          -0.09766076,
          0,
          -0.55616707,
          0.8284435,
          0.06602717,
          0,
          -0.99838984,
          1.8204771,
          0.7152371,
          1
        ]
      },
      {
        "date" : 720590076.085411,
        "title" : "Untitled",
        "transform" : [
          0.11788643,
          -2.6825828e-06,
          0.99302715,
          0,
          0.82266706,
          0.56007266,
          -0.09766076,
          0,
          -0.55616707,
          0.8284435,
          0.06602717,
          0,
          -1.7436711,
          2.9306138,
          0.80371517,
          1
        ]
      },
      {
        "date" : 720589877.069209,
        "title" : "Untitled",
        "transform" : [
          -0.13691667,
          -1.6205033e-07,
          0.9905826,
          0,
          0.7331519,
          0.6724726,
          0.101335146,
          0,
          -0.6661396,
          0.74012196,
          -0.092072584,
          0,
          -2.2487638,
          2.672527,
          0.2747783,
          1
        ]
      },
      {
        "date" : 720589840.337511,
        "title" : "Untitled",
        "transform" : [
          -0.2624764,
          -4.8449212e-05,
          0.96493846,
          0,
          0.71416134,
          0.6724753,
          0.19429538,
          0,
          -0.6489066,
          0.74011964,
          -0.17647427,
          0,
          -2.2608454,
          2.6764207,
          -0.015556721,
          1
        ]
      }
    ],
    "281B390E-21A9-48BC-A2E3-E3DE35FEE350" : [
      {
        "date" : 720523437.213965,
        "title" : "Untitled",
        "transform" : [
          0.99999994,
          0,
          -0,
          0,
          -0,
          0.8660254,
          -0.49999994,
          0,
          0,
          0.49999994,
          0.8660254,
          0,
          0,
          0.21439292,
          0.3713395,
          1
        ]
      }
    ],
    "62941ABC-4C19-4EAF-A008-C70D7943D74F" : [
      {
        "date" : 720583447.994746,
        "title" : "Untitled",
        "transform" : [
          0.99999994,
          0,
          -0,
          0,
          -0,
          0.8660254,
          -0.49999988,
          0,
          0,
          0.49999988,
          0.8660254,
          0,
          0,
          0.21249288,
          0.3680485,
          1
        ]
      }
    ],
    "D48FCC43-913B-4C48-8DCD-A63A0109C02A" : [
      {
        "date" : 720581970.451349,
        "title" : "Untitled",
        "transform" : [
          0.4367985,
          1.2438338e-09,
          -0.8995593,
          0,
          -0.21909344,
          0.9698868,
          -0.10638509,
          0,
          0.87247074,
          0.24355642,
          0.4236451,
          0,
          0.059746496,
          0.010233242,
          0.035079665,
          1
        ]
      },
      {
        "date" : 720581961.85215,
        "title" : "Untitled",
        "transform" : [
          0.9692065,
          1.1083476e-09,
          0.24624915,
          0,
          0.059244983,
          0.97062695,
          -0.23318096,
          0,
          -0.23901606,
          0.24058951,
          0.9407379,
          0,
          -0.008629972,
          0.04633686,
          0.283737,
          1
        ]
      },
      {
        "date" : 720581955.057441,
        "title" : "Untitled",
        "transform" : [
          -0.56381536,
          9.165468e-09,
          0.82590085,
          0,
          0.46773577,
          0.8241758,
          0.31930783,
          0,
          -0.6806875,
          0.56633395,
          -0.46468297,
          0,
          -0.2168134,
          0.13364553,
          -0.05899982,
          1
        ]
      },
      {
        "date" : 720581948.017055,
        "title" : "Untitled",
        "transform" : [
          0.49446028,
          1.4340582e-08,
          -0.8692002,
          0,
          -0.31670362,
          0.9312573,
          -0.18016258,
          0,
          0.80944914,
          0.36436197,
          0.46046978,
          0,
          0.052624177,
          0.015755963,
          0.035489302,
          1
        ]
      },
      {
        "date" : 720581936.588459,
        "title" : "Untitled",
        "transform" : [
          0.9998981,
          1.515681e-08,
          -0.01427645,
          0,
          -0.006948119,
          0.8735788,
          -0.48663303,
          0,
          0.012471643,
          0.4866825,
          0.87348986,
          0,
          0.01389766,
          0.022759866,
          0.07082163,
          1
        ]
      },
      {
        "date" : 720581933.971582,
        "title" : "Untitled",
        "transform" : [
          0.9998981,
          1.515681e-08,
          -0.01427645,
          0,
          -0.006948119,
          0.8735788,
          -0.48663303,
          0,
          0.012471643,
          0.4866825,
          0.87348986,
          0,
          0.2093541,
          0.35709348,
          0.7754846,
          1
        ]
      },
      {
        "date" : 720581931.955206,
        "title" : "Untitled",
        "transform" : [
          0.9998981,
          1.515681e-08,
          -0.01427645,
          0,
          -0.006948119,
          0.8735788,
          -0.48663303,
          0,
          0.012471643,
          0.4866825,
          0.87348986,
          0,
          0.022345295,
          0.037209786,
          0.10127719,
          1
        ]
      },
      {
        "date" : 720531349.603855,
        "title" : "Untitled",
        "transform" : [
          0.9998981,
          1.515681e-08,
          -0.01427645,
          0,
          -0.006948119,
          0.8735788,
          -0.48663303,
          0,
          0.012471645,
          0.48668256,
          0.87349,
          0,
          0.114506945,
          0.19485484,
          0.4335399,
          1
        ]
      },
      {
        "date" : 720530733.117534,
        "title" : "Untitled",
        "transform" : [
          -0.7294741,
          1.5273923e-08,
          0.6840085,
          0,
          0.42788538,
          0.7801795,
          0.45632666,
          0,
          -0.5336495,
          0.62555563,
          -0.5691208,
          0,
          -0.3502432,
          0.26469374,
          -0.2151837,
          1
        ]
      },
      {
        "date" : 720530726.938934,
        "title" : "Untitled",
        "transform" : [
          -0.7583332,
          7.927126e-09,
          0.65186715,
          0,
          0.26236576,
          0.91542727,
          0.30521658,
          0,
          -0.59673697,
          0.4024834,
          -0.6941989,
          0,
          -0.08447164,
          0.032784346,
          -0.045055702,
          1
        ]
      }
    ],
    "D83B9472-3EE8-4CEB-8AF6-679BF0018D32" : [
      {
        "date" : 720530151.910079,
        "title" : "Untitled",
        "transform" : [
          0.99999994,
          0,
          0,
          0,
          0,
          0.8660254,
          -0.49999994,
          0,
          0,
          0.49999994,
          0.8660254,
          0,
          0,
          0.32571527,
          0.56415546,
          1
        ]
      },
      {
        "date" : 720530137.060944,
        "title" : "Untitled",
        "transform" : [
          0.99999994,
          0,
          -0,
          0,
          -0,
          0.8660254,
          -0.49999994,
          0,
          0,
          0.49999994,
          0.8660254,
          0,
          0,
          0.21950312,
          0.3801906,
          1
        ]
      }
    ],
    "FBE3D72F-CD34-4EE6-8ADA-6D6A224ED06A" : [
      {
        "date" : 720530117.121846,
        "title" : "Untitled",
        "transform" : [
          0.9885737,
          -1.3912427e-11,
          -0.15073824,
          0,
          -0.07219632,
          0.87784123,
          -0.4734789,
          0,
          0.13232426,
          0.47895154,
          0.8678108,
          0,
          0.1047024,
          0.37897328,
          0.68666065,
          1
        ]
      },
      {
        "date" : 720530093.826067,
        "title" : "Untitled",
        "transform" : [
          0.99999994,
          0,
          0,
          0,
          0,
          0.8660254,
          -0.49999994,
          0,
          0,
          0.49999994,
          0.8660254,
          0,
          0,
          0.39562798,
          0.68524796,
          1
        ]
      },
      {
        "date" : 720530068.605006,
        "title" : "Untitled",
        "transform" : [
          0.99999994,
          0,
          -0,
          0,
          -0,
          0.8660254,
          -0.49999994,
          0,
          0,
          0.49999994,
          0.8660254,
          0,
          0,
          0.21950312,
          0.3801906,
          1
        ]
      }
    ]
  },
  "selectedSceneRelativePath" : "Scene.usda"
}