{
  "advancedEditorSelectedIdentifier" : "ProjectBrowser",
  "openSceneRelativePaths" : [
    "Scene.usda",
    "Earth.usda",
    "Globe.usda",
    "Moon.usda",
    "Satellite.usda"
  ],
  "recentIdentifiers" : {

  },
  "sceneCameraHistory" : {
    "3C967933-AAD8-45A6-891B-36261C87AF56" : [
      {
        "date" : 720934099.965551,
        "title" : "Untitled",
        "transform" : [
          0.9382171,
          5.9760204e-11,
          -0.34604728,
          0,
          -0.16475667,
          0.87938565,
          -0.4466948,
          0,
          0.304309,
          0.47611025,
          0.82505465,
          0,
          0.70040625,
          1.095828,
          1.898969,
          1
        ]
      }
    ],
    "26DBAE76-5DD8-47B6-A085-1B4ADA111097" : [
      {
        "date" : 720933960.994107,
        "title" : "Untitled",
        "transform" : [
          1,
          0,
          -0,
          0,
          -0,
          0.8660254,
          -0.5,
          0,
          0,
          0.5,
          0.8660254,
          0,
          0,
          0.24824925,
          0.43018037,
          1
        ]
      }
    ],
    "81F346C6-ADB8-4742-8A21-CF9ECDE92A05" : [
      {
        "date" : 721021789.492581,
        "title" : "Untitled",
        "transform" : [
          0.9914271,
          2.212922e-10,
          -0.13066025,
          0,
          -0.052047078,
          0.9172382,
          -0.3949241,
          0,
          0.11984658,
          0.39833897,
          0.9093749,
          0,
          0.05940364,
          0.19744234,
          0.4507444,
          1
        ]
      }
    ],
    "A8B5E65E-C801-4781-BB54-11FB57B71EB9" : [
      {
        "date" : 721021783.77991,
        "title" : "Untitled",
        "transform" : [
          0.9816108,
          2.650566e-09,
          0.19089322,
          0,
          0.1046816,
          0.8362309,
          -0.5382934,
          0,
          -0.15963082,
          0.5483776,
          0.8208533,
          0,
          -0.3929118,
          1.3497636,
          2.0204294,
          1
        ]
      },
      {
        "date" : 720934093.35554,
        "title" : "Untitled",
        "transform" : [
          0.9528391,
          3.001142e-09,
          -0.30347583,
          0,
          -0.123534106,
          0.91339964,
          -0.38786662,
          0,
          0.2771947,
          0.40706408,
          0.87032294,
          0,
          0.6822805,
          1.0019377,
          2.1421928,
          1
        ]
      },
      {
        "date" : 720934089.806746,
        "title" : "Untitled",
        "transform" : [
          1,
          0,
          -0,
          0,
          -0,
          0.86602557,
          -0.49999976,
          0,
          0,
          0.49999976,
          0.86602557,
          0,
          -2.9802319e-08,
          1.8915987,
          3.2763467,
          1
        ]
      }
    ],
    "F44A5FE0-4AC1-4B91-8897-87E74FFB1F4C" : [
      {
        "date" : 721021805.660309,
        "title" : "Untitled",
        "transform" : [
          0.7901583,
          -1.0609131e-09,
          0.61290276,
          0,
          0.34844282,
          0.8226747,
          -0.44921482,
          0,
          -0.50421965,
          0.5685124,
          0.65004325,
          0,
          -2.4992883,
          2.8179755,
          3.2220993,
          1
        ]
      },
      {
        "date" : 720934088.675825,
        "title" : "Untitled",
        "transform" : [
          0.99872494,
          4.291445e-10,
          -0.050482348,
          0,
          -0.031941406,
          0.7743773,
          -0.6319175,
          0,
          0.039092384,
          0.6327242,
          0.7733899,
          0,
          0.19377105,
          3.1362574,
          3.8334968,
          1
        ]
      },
      {
        "date" : 720934083.836773,
        "title" : "Untitled",
        "transform" : [
          1,
          0,
          -0,
          0,
          -0,
          0.8660258,
          -0.4999994,
          0,
          0,
          0.4999994,
          0.8660258,
          0,
          5.9604634e-08,
          2.478374,
          4.2926702,
          1
        ]
      },
      {
        "date" : 720934081.135137,
        "title" : "Untitled",
        "transform" : [
          0.99999994,
          0,
          -0,
          0,
          -0,
          0.8660254,
          -0.49999988,
          0,
          0,
          0.49999988,
          0.8660254,
          0,
          0,
          0.16522084,
          0.2861709,
          1
        ]
      }
    ]
  },
  "selectedSceneRelativePath" : "Earth.usda"
}