{
  "advancedEditorSelectedIdentifier" : "ProjectBrowser",
  "openSceneRelativePaths" : [
    "Scene.usda",
    "ImmersiveScene.usda"
  ],
  "recentIdentifiers" : {
    "1D1EC655-A399-47E8-A70E-84E98D8427B6" : [

    ]
  },
  "sceneCameraHistory" : {
    "1D1EC655-A399-47E8-A70E-84E98D8427B6" : [
      {
        "date" : 720350620.08627,
        "title" : "Untitled",
        "transform" : [
          0.99968797,
          -1.9114715e-07,
          -0.024978587,
          0,
          -0.017261226,
          0.7228103,
          -0.69083077,
          0,
          0.018054914,
          0.6910464,
          0.7225848,
          0,
          0.035056308,
          2.5280447,
          -0.8761835,
          1
        ]
      },
      {
        "date" : 720350595.54026,
        "title" : "Untitled",
        "transform" : [
          0.9996879,
          -1.9087156e-07,
          -0.024978584,
          0,
          -0.017261224,
          0.7228103,
          -0.6908308,
          0,
          0.01805491,
          0.6910464,
          0.7225848,
          0,
          0.26494923,
          11.240549,
          12.804826,
          1
        ]
      },
      {
        "date" : 720350499.549593,
        "title" : "Untitled",
        "transform" : [
          0.9996879,
          -1.9087156e-07,
          -0.024978584,
          0,
          -0.017261224,
          0.7228103,
          -0.6908308,
          0,
          0.01805491,
          0.6910464,
          0.7225848,
          0,
          0.017681705,
          1.7764401,
          2.908754,
          1
        ]
      },
      {
        "date" : 720350440.182169,
        "title" : "Untitled",
        "transform" : [
          0.9996879,
          -1.9087156e-07,
          -0.024978584,
          0,
          -0.017261224,
          0.7228103,
          -0.6908308,
          0,
          0.01805491,
          0.6910464,
          0.7225848,
          0,
          0.013463368,
          1.3526335,
          1.7376686,
          1
        ]
      },
      {
        "date" : 720350365.249341,
        "title" : "Untitled",
        "transform" : [
          0.99996245,
          2.1468499e-10,
          -0.008661345,
          0,
          -0.005483928,
          0.7740294,
          -0.63312596,
          0,
          0.006704135,
          0.6331497,
          0.77400035,
          0,
          0.013463368,
          1.3526335,
          1.7376686,
          1
        ]
      },
      {
        "date" : 720350259.969615,
        "title" : "Untitled",
        "transform" : [
          0.9999625,
          -7.608869e-11,
          -0.008661345,
          0,
          -0.005483908,
          0.7740294,
          -0.63312596,
          0,
          0.006704114,
          0.6331496,
          0.77400035,
          0,
          -0.00991053,
          0.29233977,
          0.50957847,
          1
        ]
      },
      {
        "date" : 720350243.098552,
        "title" : "Untitled",
        "transform" : [
          0.9999625,
          -7.608869e-11,
          -0.008661345,
          0,
          -0.005483908,
          0.7740294,
          -0.63312596,
          0,
          0.006704115,
          0.6331497,
          0.77400047,
          0,
          -0.17636037,
          5.20226,
          9.068077,
          1
        ]
      },
      {
        "date" : 720350052.947926,
        "title" : "Untitled",
        "transform" : [
          0.9882337,
          -3.1792763e-11,
          -0.15295133,
          0,
          -0.10956075,
          0.697781,
          -0.70788294,
          0,
          0.10672654,
          0.7163112,
          0.68957084,
          0,
          1.0363348,
          6.190421,
          8.362375,
          1
        ]
      },
      {
        "date" : 720350014.316141,
        "title" : "Untitled",
        "transform" : [
          1,
          0,
          0,
          0,
          0,
          0.7071069,
          -0.70710677,
          0,
          0,
          0.70710677,
          0.7071069,
          0,
          -0.2431291,
          6.0816207,
          8.336838,
          1
        ]
      },
      {
        "date" : 720350007.91975,
        "title" : "Untitled",
        "transform" : [
          0.5449622,
          1.5477143e-08,
          0.83846056,
          0,
          0.4502555,
          0.84358066,
          -0.29264614,
          0,
          -0.7073091,
          0.5370026,
          0.45971957,
          0,
          -43.779453,
          50.35081,
          68.46544,
          1
        ]
      }
    ],
    "90C576A0-F90A-43B8-9998-14918A66F863" : [
      {
        "date" : 720349797.853599,
        "title" : "Untitled",
        "transform" : [
          1,
          0,
          -0,
          0,
          -0,
          0.8660253,
          -0.50000006,
          0,
          0,
          0.50000006,
          0.8660253,
          0,
          0,
          0.4287878,
          0.74268234,
          1
        ]
      }
    ]
  },
  "selectedSceneRelativePath" : "ImmersiveScene.usda"
}